1 1 4 0 0
1 2 2 20 16.2
1 3 9 24 19
1 4 2 26 21.1
1 5 4 54 43.5
1 6 6 18 14.2
1 7 4 19 15.4
1 8 9 56 45.1
1 9 8 17 13.5
1 10 8 24 19
1 11 3 52 41.3
1 12 7 55 43.9
1 13 6 26 20.9
1 14 7 15 12
1 15 8 35 27.7
1 16 5 13 10.6
1 17 6 21 17.1
1 18 6 20 15.9
1 19 2 5 3.6
1 20 8 60 47.7
1 21 7 54 43.4
1 22 0 58 46.7
1 23 6 2 1.7
1 24 3 27 21.4
1 25 1 39 31.5
2 1 8 40 32.1
2 2 6 0 0
2 3 9 34 27.6
2 4 7 9 7.4
2 5 3 36 28.5
2 6 7 29 23.3
2 7 2 38 30.4
2 8 9 46 36.6
2 9 10 55 44.2
2 10 9 20 16.1
2 11 5 1 0.7
2 12 6 17 13.4
2 13 7 26 21.2
2 14 5 0 0.2
2 15 1 28 22.8
2 16 7 57 46
2 17 6 4 2.8
2 18 1 25 19.9
2 19 6 20 15.8
2 20 5 39 31.3
2 21 9 47 37.8
2 22 5 22 17.8
2 23 9 57 45.3
2 24 8 14 11.3
2 25 7 22 17.3
3 1 2 57 45.3
3 2 4 34 27.2
3 3 7 0 0
3 4 5 34 27.4
3 5 4 21 16.7
3 6 1 5 3.9
3 7 7 49 39.1
3 8 8 14 11.1
3 9 2 9 7.4
3 10 9 42 33.7
3 11 9 38 30
3 12 5 44 34.8
3 13 10 14 11.3
3 14 9 59 46.8
3 15 6 9 7.3
3 16 3 49 39
3 17 6 38 30.6
3 18 7 52 41.9
3 19 10 46 36.7
3 20 0 35 27.7
3 21 9 16 13
3 22 6 7 5.6
3 23 5 48 38
3 24 5 32 25.6
3 25 6 36 29.1
4 1 0 14 11.1
4 2 6 17 13.4
4 3 9 17 13.3
4 4 1 0 0
4 5 3 47 37.3
4 6 9 3 2.6
4 7 4 6 4.8
4 8 2 5 3.7
4 9 7 22 17.2
4 10 8 31 24.5
4 11 3 51 40.9
4 12 6 45 35.7
4 13 0 52 42
4 14 4 42 33.3
4 15 4 47 37.6
4 16 10 60 47.7
4 17 10 55 44
4 18 1 45 35.7
4 19 1 47 37.5
4 20 6 5 3.9
4 21 1 58 46.8
4 22 6 2 1.7
4 23 7 3 2.8
4 24 9 30 24.4
4 25 2 23 18.3
5 1 9 2 1.3
5 2 7 56 44.4
5 3 7 6 4.9
5 4 1 52 41.5
5 5 2 0 0
5 6 1 48 38.5
5 7 4 7 5.6
5 8 4 18 14.1
5 9 3 20 15.8
5 10 5 40 31.9
5 11 4 38 30.5
5 12 6 52 41.4
5 13 6 0 0.3
5 14 7 36 28.9
5 15 4 58 46.6
5 16 1 56 45
5 17 3 54 42.9
5 18 6 18 14.8
5 19 2 32 25.8
5 20 9 54 43
5 21 7 2 1.3
5 22 1 2 1.8
5 23 6 4 3.2
5 24 3 34 27.2
5 25 1 29 22.9
6 1 8 12 9.5
6 2 7 5 3.8
6 3 3 24 18.9
6 4 5 2 1.7
6 5 5 58 46.6
6 6 7 0 0
6 7 2 9 7.5
6 8 2 57 45.6
6 9 4 56 44.9
6 10 7 58 46.4
6 11 7 56 44.9
6 12 4 51 40.5
6 13 7 45 35.7
6 14 6 19 15.2
6 15 1 11 9.1
6 16 6 5 3.6
6 17 2 54 42.9
6 18 1 28 22.1
6 19 7 41 33.1
6 20 10 49 39.1
6 21 6 24 19.5
6 22 3 31 25
6 23 7 40 31.9
6 24 1 9 7.4
6 25 1 32 25.9
7 1 0 45 36.1
7 2 3 20 15.9
7 3 0 54 42.9
7 4 5 16 13
7 5 9 14 11.3
7 6 10 13 10.6
7 7 8 0 0
7 8 3 34 27.3
7 9 3 2 1.9
7 10 5 17 13.6
7 11 9 16 12.9
7 12 3 41 32.7
7 13 5 5 3.9
7 14 8 2 1.4
7 15 3 49 39.2
7 16 4 47 37.7
7 17 9 57 45.4
7 18 8 45 35.8
7 19 1 0 0.4
7 20 4 31 24.7
7 21 9 27 21.8
7 22 9 48 38.8
7 23 1 56 44.5
7 24 5 55 43.8
7 25 10 25 19.8
8 1 2 33 26.7
8 2 3 58 46.3
8 3 7 35 27.9
8 4 7 53 42.1
8 5 4 59 47
8 6 3 41 32.4
8 7 7 35 28.4
8 8 1 0 0
8 9 6 8 6.5
8 10 7 31 24.7
8 11 1 10 8.1
8 12 6 23 18.1
8 13 5 35 28.2
8 14 2 41 32.8
8 15 9 31 24.5
8 16 0 20 16.2
8 17 7 53 42.8
8 18 8 56 45.1
8 19 2 49 39.4
8 20 5 2 1.5
8 21 2 55 44.1
8 22 7 57 45.5
8 23 3 50 40.3
8 24 8 13 10.4
8 25 8 6 5.2
9 1 3 36 28.7
9 2 8 43 34.6
9 3 4 8 6.1
9 4 4 18 14
9 5 9 48 38.4
9 6 8 38 30.5
9 7 6 26 20.5
9 8 1 35 28.3
9 9 7 0 0
9 10 5 54 42.9
9 11 4 57 45.9
9 12 5 45 35.7
9 13 10 42 33.3
9 14 9 14 10.9
9 15 2 59 47.4
9 16 8 19 15
9 17 9 2 1.6
9 18 5 26 20.6
9 19 4 56 45.1
9 20 3 5 4.2
9 21 4 13 10.2
9 22 1 9 7.5
9 23 1 25 20
9 24 2 14 11.5
9 25 1 8 6.1
10 1 9 1 0.4
10 2 4 18 14
10 3 8 3 2.6
10 4 7 45 35.8
10 5 0 18 14.3
10 6 7 15 11.7
10 7 8 40 31.6
10 8 5 19 15.4
10 9 8 55 44
10 10 2 0 0
10 11 8 16 13
10 12 8 59 47
10 13 4 46 36.9
10 14 2 29 23.2
10 15 4 43 34.1
10 16 7 17 13.7
10 17 5 31 24.4
10 18 0 58 46
10 19 7 1 0.5
10 20 2 10 7.6
10 21 8 39 31.5
10 22 6 16 12.5
10 23 1 29 23.5
10 24 3 5 4.3
10 25 4 47 37.4
11 1 5 51 40.7
11 2 1 20 15.9
11 3 9 6 5
11 4 10 51 40.4
11 5 1 29 22.9
11 6 7 9 7.5
11 7 9 31 24.9
11 8 6 26 20.8
11 9 5 14 11.1
11 10 6 30 24
11 11 2 0 0
11 12 1 2 1.9
11 13 0 41 32.5
11 14 4 44 35.1
11 15 6 8 6.3
11 16 1 20 16
11 17 2 52 41.7
11 18 4 31 25
11 19 2 60 47.6
11 20 3 56 44.5
11 21 4 25 20.3
11 22 8 56 44.7
11 23 5 2 1.8
11 24 1 55 44.2
11 25 9 40 32.2
12 1 7 12 10
12 2 6 12 9.9
12 3 6 12 9.4
12 4 1 29 23.3
12 5 5 36 28.7
12 6 3 2 1.5
12 7 9 40 32
12 8 8 38 30.2
12 9 7 58 46.5
12 10 0 39 30.9
12 11 2 25 19.6
12 12 5 0 0
12 13 0 1 1.1
12 14 7 9 6.9
12 15 0 57 45.2
12 16 6 53 42
12 17 3 29 23.1
12 18 5 43 34.7
12 19 1 2 2
12 20 4 39 31.5
12 21 8 57 45.9
12 22 4 54 43.5
12 23 2 26 21.2
12 24 4 54 43.5
12 25 3 42 33.7
13 1 7 7 5.3
13 2 8 9 6.8
13 3 9 28 22.2
13 4 9 38 30.1
13 5 8 42 33.6
13 6 3 13 10.6
13 7 10 57 45.4
13 8 7 15 12.1
13 9 5 31 24.6
13 10 2 50 39.6
13 11 7 7 5.3
13 12 7 38 30.2
13 13 4 0 0
13 14 0 31 24.7
13 15 7 7 5.3
13 16 4 30 23.9
13 17 3 40 31.6
13 18 4 3 2.5
13 19 8 52 41.9
13 20 1 26 20.9
13 21 1 24 19.2
13 22 5 12 9.8
13 23 4 17 13.3
13 24 6 25 20.1
13 25 2 13 10.7
14 1 4 47 37.8
14 2 3 27 21.4
14 3 3 25 19.9
14 4 2 51 40.5
14 5 9 55 44.1
14 6 8 53 42.7
14 7 6 48 38.6
14 8 3 39 31.2
14 9 4 32 25.6
14 10 6 31 24.8
14 11 8 47 37.7
14 12 9 29 23.6
14 13 9 43 34.6
14 14 8 0 0
14 15 2 27 21.5
14 16 2 10 8.3
14 17 4 30 24.3
14 18 4 31 25
14 19 1 55 44.2
14 20 8 28 22
14 21 9 44 35.3
14 22 5 3 2
14 23 5 20 15.7
14 24 8 55 44.2
14 25 5 27 21.5
15 1 5 10 8.3
15 2 2 13 10.6
15 3 6 57 45.6
15 4 10 56 45.1
15 5 8 54 43.1
15 6 8 20 16.3
15 7 4 30 24.1
15 8 2 28 22.6
15 9 7 50 40.2
15 10 1 4 3
15 11 6 8 6.6
15 12 10 16 12.4
15 13 9 53 42.4
15 14 7 27 21.7
15 15 2 0 0
15 16 6 21 16.9
15 17 2 19 15.4
15 18 7 22 18
15 19 1 24 19.3
15 20 1 37 29.8
15 21 3 54 43
15 22 8 42 33.6
15 23 9 19 14.9
15 24 1 57 45.6
15 25 7 8 6.6
16 1 7 32 25.9
16 2 7 26 20.5
16 3 7 16 13.1
16 4 10 28 22.3
16 5 2 2 1.2
16 6 3 8 6.6
16 7 4 52 41.4
16 8 2 59 47.5
16 9 7 26 20.7
16 10 2 10 8.2
16 11 6 47 37.4
16 12 8 15 11.9
16 13 4 34 27
16 14 4 28 22.3
16 15 8 44 35.5
16 16 5 0 0
16 17 1 54 43.5
16 18 0 11 8.7
16 19 0 12 9.9
16 20 9 29 23
16 21 1 44 35.4
16 22 9 47 37.7
16 23 9 16 13.1
16 24 4 44 34.8
16 25 2 22 17.5
17 1 2 46 36.8
17 2 1 31 24.9
17 3 8 46 36.7
17 4 8 50 40.2
17 5 3 22 17.9
17 6 2 44 35.4
17 7 2 19 15.3
17 8 6 40 32.4
17 9 1 7 5.9
17 10 3 49 38.9
17 11 5 25 20.1
17 12 10 5 3.8
17 13 4 23 18.5
17 14 2 13 10.2
17 15 2 16 12.6
17 16 2 55 44.3
17 17 5 0 0
17 18 7 24 19.2
17 19 3 18 14
17 20 8 4 3.2
17 21 8 0 0.1
17 22 2 13 10.8
17 23 6 1 1
17 24 8 59 47.4
17 25 10 7 5.3
18 1 7 33 26.4
18 2 3 13 10.2
18 3 1 55 44.3
18 4 7 58 46.4
18 5 2 43 34.6
18 6 5 9 7
18 7 5 2 1.8
18 8 8 32 25.9
18 9 7 47 37.6
18 10 3 1 0.4
18 11 3 50 40.4
18 12 0 14 11.4
18 13 5 2 1.8
18 14 8 31 25.2
18 15 0 0 0.3
18 16 6 28 22.4
18 17 6 33 26
18 18 10 0 0
18 19 8 35 27.9
18 20 2 29 23.3
18 21 7 13 10.7
18 22 8 30 23.6
18 23 10 3 2.1
18 24 7 54 43.4
18 25 2 34 27.1
19 1 6 31 24.8
19 2 5 10 8.4
19 3 1 3 2
19 4 8 45 35.8
19 5 5 39 31.2
19 6 10 44 35.3
19 7 3 50 40.3
19 8 7 26 20.7
19 9 5 53 42.4
19 10 7 56 45
19 11 7 1 1.1
19 12 0 19 15.4
19 13 8 7 6
19 14 2 43 34.3
19 15 7 54 43
19 16 9 46 37.2
19 17 8 12 9.2
19 18 2 8 6.8
19 19 9 0 0
19 20 5 52 41.5
19 21 6 32 25.6
19 22 6 42 33.6
19 23 1 13 10.4
19 24 0 20 15.9
19 25 9 34 27.6
20 1 2 29 23
20 2 7 48 38.1
20 3 9 24 18.9
20 4 3 54 43.2
20 5 5 42 33.4
20 6 1 33 26.3
20 7 6 44 35
20 8 9 59 47
20 9 7 33 26.4
20 10 2 12 9.8
20 11 4 25 19.9
20 12 2 32 25.7
20 13 0 12 9.6
20 14 3 13 10.5
20 15 4 48 38
20 16 9 33 26.7
20 17 3 9 7.1
20 18 7 33 26.6
20 19 7 10 8
20 20 5 0 0
20 21 4 39 30.8
20 22 7 46 36.6
20 23 3 33 26.7
20 24 5 58 46.2
20 25 0 45 36
21 1 7 39 31.2
21 2 2 51 40.5
21 3 1 4 2.9
21 4 5 49 39.6
21 5 7 39 31.6
21 6 7 30 24.2
21 7 9 29 23.6
21 8 6 42 33.9
21 9 7 57 45.4
21 10 7 32 25.6
21 11 7 2 1.4
21 12 8 21 16.8
21 13 5 28 22.1
21 14 7 52 41.7
21 15 2 41 32.8
21 16 8 26 21.1
21 17 2 58 46.2
21 18 6 28 22.8
21 19 5 7 5.5
21 20 8 24 19.3
21 21 8 0 0
21 22 10 37 29.8
21 23 3 47 37.4
21 24 7 56 44.9
21 25 2 40 32
22 1 5 2 1.9
22 2 9 40 31.8
22 3 5 55 44.3
22 4 3 0 0.2
22 5 9 49 39.2
22 6 3 17 13.9
22 7 3 29 23.1
22 8 1 3 2.4
22 9 2 49 39.3
22 10 3 46 37
22 11 9 7 5.3
22 12 5 34 27.3
22 13 1 56 45
22 14 8 37 29.5
22 15 6 32 25.3
22 16 0 5 4.3
22 17 6 40 32.3
22 18 4 54 42.9
22 19 4 53 42.3
22 20 4 34 27.3
22 21 5 7 5.5
22 22 3 0 0
22 23 6 4 3
22 24 2 40 31.9
22 25 9 23 18.6
23 1 8 37 29.9
23 2 7 16 12.9
23 3 4 4 2.9
23 4 9 18 14.8
23 5 6 17 13.3
23 6 3 33 26.1
23 7 4 17 13.7
23 8 10 19 15.1
23 9 7 45 36.3
23 10 6 28 22.8
23 11 3 18 14.5
23 12 4 53 42.1
23 13 1 0 0.3
23 14 1 19 15.4
23 15 8 2 1.6
23 16 4 10 7.7
23 17 5 19 15.2
23 18 2 0 0.3
23 19 2 9 7.2
23 20 6 51 40.8
23 21 5 58 46.6
23 22 9 6 5.1
23 23 10 0 0
23 24 5 12 10
23 25 5 31 24.9
24 1 1 24 19
24 2 9 57 45.6
24 3 6 45 35.7
24 4 2 6 4.9
24 5 3 30 24.1
24 6 2 8 6.6
24 7 8 29 23.4
24 8 5 35 28.4
24 9 2 55 43.7
24 10 7 19 14.9
24 11 1 44 35.2
24 12 9 44 34.9
24 13 0 37 29.8
24 14 3 21 16.6
24 15 5 15 11.6
24 16 5 7 5.6
24 17 0 15 11.9
24 18 7 17 13.9
24 19 4 27 21.9
24 20 2 8 6.7
24 21 5 16 12.5
24 22 8 54 43.1
24 23 8 41 32.9
24 24 1 0 0
24 25 6 40 31.7
25 1 7 4 3.6
25 2 1 48 38.4
25 3 9 39 31
25 4 6 13 10.5
25 5 1 36 29
25 6 4 48 38.2
25 7 2 46 36.8
25 8 5 45 35.8
25 9 5 51 40.6
25 10 10 9 7.4
25 11 7 7 5.5
25 12 8 26 21
25 13 4 52 41.7
25 14 7 8 6.5
25 15 1 5 3.7
25 16 3 35 27.8
25 17 10 48 38.7
25 18 6 33 26.1
25 19 6 34 27.5
25 20 0 35 28
25 21 1 11 8.6
25 22 6 14 11.2
25 23 10 4 3.1
25 24 7 58 46.8
25 25 5 0 0
