1 1 0 0.0
1 2 20 16.2
1 3 24 19.0
1 4 26 21.1
1 5 54 43.5
1 6 18 14.2
1 7 19 15.4
1 8 56 45.1
1 9 17 13.5
1 10 24 19.0
1 11 52 41.3
1 12 55 43.9
1 13 26 20.9
1 14 15 12.0
1 15 35 27.7
1 16 13 10.6
1 17 21 17.1
1 18 20 15.9
1 19 5 3.6
1 20 60 47.7
1 21 54 43.4
1 22 58 46.7
1 23 2 1.7
1 24 27 21.4
1 25 39 31.5
2 1 40 32.1
2 2 0 0.0
2 3 34 27.6
2 4 9 7.4
2 5 36 28.5
2 6 29 23.3
2 7 38 30.4
2 8 46 36.6
2 9 55 44.2
2 10 20 16.1
2 11 1 0.7
2 12 17 13.4
2 13 26 21.2
2 14 0 0.2
2 15 28 22.8
2 16 57 46.0
2 17 4 2.8
2 18 25 19.9
2 19 20 15.8
2 20 39 31.3
2 21 47 37.8
2 22 22 17.8
2 23 57 45.3
2 24 14 11.3
2 25 22 17.3
3 1 57 45.3
3 2 34 27.2
3 3 0 0.0
3 4 34 27.4
3 5 21 16.7
3 6 5 3.9
3 7 49 39.1
3 8 14 11.1
3 9 9 7.4
3 10 42 33.7
3 11 38 30.0
3 12 44 34.8
3 13 14 11.3
3 14 59 46.8
3 15 9 7.3
3 16 49 39.0
3 17 38 30.6
3 18 52 41.9
3 19 46 36.7
3 20 35 27.7
3 21 16 13.0
3 22 7 5.6
3 23 48 38.0
3 24 32 25.6
3 25 36 29.1
4 1 14 11.1
4 2 17 13.4
4 3 17 13.3
4 4 0 0.0
4 5 47 37.3
4 6 3 2.6
4 7 6 4.8
4 8 5 3.7
4 9 22 17.2
4 10 31 24.5
4 11 51 40.9
4 12 45 35.7
4 13 52 42.0
4 14 42 33.3
4 15 47 37.6
4 16 60 47.7
4 17 55 44.0
4 18 45 35.7
4 19 47 37.5
4 20 5 3.9
4 21 58 46.8
4 22 2 1.7
4 23 3 2.8
4 24 30 24.4
4 25 23 18.3
5 1 2 1.3
5 2 56 44.4
5 3 6 4.9
5 4 52 41.5
5 5 0 0.0
5 6 48 38.5
5 7 7 5.6
5 8 18 14.1
5 9 20 15.8
5 10 40 31.9
5 11 38 30.5
5 12 52 41.4
5 13 0 0.3
5 14 36 28.9
5 15 58 46.6
5 16 56 45.0
5 17 54 42.9
5 18 18 14.8
5 19 32 25.8
5 20 54 43.0
5 21 2 1.3
5 22 2 1.8
5 23 4 3.2
5 24 34 27.2
5 25 29 22.9
6 1 12 9.5
6 2 5 3.8
6 3 24 18.9
6 4 2 1.7
6 5 58 46.6
6 6 0 0.0
6 7 9 7.5
6 8 57 45.6
6 9 56 44.9
6 10 58 46.4
6 11 56 44.9
6 12 51 40.5
6 13 45 35.7
6 14 19 15.2
6 15 11 9.1
6 16 5 3.6
6 17 54 42.9
6 18 28 22.1
6 19 41 33.1
6 20 49 39.1
6 21 24 19.5
6 22 31 25.0
6 23 40 31.9
6 24 9 7.4
6 25 32 25.9
7 1 45 36.1
7 2 20 15.9
7 3 54 42.9
7 4 16 13.0
7 5 14 11.3
7 6 13 10.6
7 7 0 0.0
7 8 34 27.3
7 9 2 1.9
7 10 17 13.6
7 11 16 12.9
7 12 41 32.7
7 13 5 3.9
7 14 2 1.4
7 15 49 39.2
7 16 47 37.7
7 17 57 45.4
7 18 45 35.8
7 19 0 0.4
7 20 31 24.7
7 21 27 21.8
7 22 48 38.8
7 23 56 44.5
7 24 55 43.8
7 25 25 19.8
8 1 33 26.7
8 2 58 46.3
8 3 35 27.9
8 4 53 42.1
8 5 59 47.0
8 6 41 32.4
8 7 35 28.4
8 8 0 0.0
8 9 8 6.5
8 10 31 24.7
8 11 10 8.1
8 12 23 18.1
8 13 35 28.2
8 14 41 32.8
8 15 31 24.5
8 16 20 16.2
8 17 53 42.8
8 18 56 45.1
8 19 49 39.4
8 20 2 1.5
8 21 55 44.1
8 22 57 45.5
8 23 50 40.3
8 24 13 10.4
8 25 6 5.2
9 1 36 28.7
9 2 43 34.6
9 3 8 6.1
9 4 18 14.0
9 5 48 38.4
9 6 38 30.5
9 7 26 20.5
9 8 35 28.3
9 9 0 0.0
9 10 54 42.9
9 11 57 45.9
9 12 45 35.7
9 13 42 33.3
9 14 14 10.9
9 15 59 47.4
9 16 19 15.0
9 17 2 1.6
9 18 26 20.6
9 19 56 45.1
9 20 5 4.2
9 21 13 10.2
9 22 9 7.5
9 23 25 20.0
9 24 14 11.5
9 25 8 6.1
10 1 1 0.4
10 2 18 14.0
10 3 3 2.6
10 4 45 35.8
10 5 18 14.3
10 6 15 11.7
10 7 40 31.6
10 8 19 15.4
10 9 55 44.0
10 10 0 0.0
10 11 16 13.0
10 12 59 47.0
10 13 46 36.9
10 14 29 23.2
10 15 43 34.1
10 16 17 13.7
10 17 31 24.4
10 18 58 46.0
10 19 1 0.5
10 20 10 7.6
10 21 39 31.5
10 22 16 12.5
10 23 29 23.5
10 24 5 4.3
10 25 47 37.4
11 1 51 40.7
11 2 20 15.9
11 3 6 5.0
11 4 51 40.4
11 5 29 22.9
11 6 9 7.5
11 7 31 24.9
11 8 26 20.8
11 9 14 11.1
11 10 30 24.0
11 11 0 0.0
11 12 2 1.9
11 13 41 32.5
11 14 44 35.1
11 15 8 6.3
11 16 20 16.0
11 17 52 41.7
11 18 31 25.0
11 19 60 47.6
11 20 56 44.5
11 21 25 20.3
11 22 56 44.7
11 23 2 1.8
11 24 55 44.2
11 25 40 32.2
12 1 12 10.0
12 2 12 9.9
12 3 12 9.4
12 4 29 23.3
12 5 36 28.7
12 6 2 1.5
12 7 40 32.0
12 8 38 30.2
12 9 58 46.5
12 10 39 30.9
12 11 25 19.6
12 12 0 0.0
12 13 1 1.1
12 14 9 6.9
12 15 57 45.2
12 16 53 42.0
12 17 29 23.1
12 18 43 34.7
12 19 2 2.0
12 20 39 31.5
12 21 57 45.9
12 22 54 43.5
12 23 26 21.2
12 24 54 43.5
12 25 42 33.7
13 1 7 5.3
13 2 9 6.8
13 3 28 22.2
13 4 38 30.1
13 5 42 33.6
13 6 13 10.6
13 7 57 45.4
13 8 15 12.1
13 9 31 24.6
13 10 50 39.6
13 11 7 5.3
13 12 38 30.2
13 13 0 0.0
13 14 31 24.7
13 15 7 5.3
13 16 30 23.9
13 17 40 31.6
13 18 3 2.5
13 19 52 41.9
13 20 26 20.9
13 21 24 19.2
13 22 12 9.8
13 23 17 13.3
13 24 25 20.1
13 25 13 10.7
14 1 47 37.8
14 2 27 21.4
14 3 25 19.9
14 4 51 40.5
14 5 55 44.1
14 6 53 42.7
14 7 48 38.6
14 8 39 31.2
14 9 32 25.6
14 10 31 24.8
14 11 47 37.7
14 12 29 23.6
14 13 43 34.6
14 14 0 0.0
14 15 27 21.5
14 16 10 8.3
14 17 30 24.3
14 18 31 25.0
14 19 55 44.2
14 20 28 22.0
14 21 44 35.3
14 22 3 2.0
14 23 20 15.7
14 24 55 44.2
14 25 27 21.5
15 1 10 8.3
15 2 13 10.6
15 3 57 45.6
15 4 56 45.1
15 5 54 43.1
15 6 20 16.3
15 7 30 24.1
15 8 28 22.6
15 9 50 40.2
15 10 4 3.0
15 11 8 6.6
15 12 16 12.4
15 13 53 42.4
15 14 27 21.7
15 15 0 0.0
15 16 21 16.9
15 17 19 15.4
15 18 22 18.0
15 19 24 19.3
15 20 37 29.8
15 21 54 43.0
15 22 42 33.6
15 23 19 14.9
15 24 57 45.6
15 25 8 6.6
16 1 32 25.9
16 2 26 20.5
16 3 16 13.1
16 4 28 22.3
16 5 2 1.2
16 6 8 6.6
16 7 52 41.4
16 8 59 47.5
16 9 26 20.7
16 10 10 8.2
16 11 47 37.4
16 12 15 11.9
16 13 34 27.0
16 14 28 22.3
16 15 44 35.5
16 16 0 0.0
16 17 54 43.5
16 18 11 8.7
16 19 12 9.9
16 20 29 23.0
16 21 44 35.4
16 22 47 37.7
16 23 16 13.1
16 24 44 34.8
16 25 22 17.5
17 1 46 36.8
17 2 31 24.9
17 3 46 36.7
17 4 50 40.2
17 5 22 17.9
17 6 44 35.4
17 7 19 15.3
17 8 40 32.4
17 9 7 5.9
17 10 49 38.9
17 11 25 20.1
17 12 5 3.8
17 13 23 18.5
17 14 13 10.2
17 15 16 12.6
17 16 55 44.3
17 17 0 0.0
17 18 24 19.2
17 19 18 14.0
17 20 4 3.2
17 21 0 0.1
17 22 13 10.8
17 23 1 1.0
17 24 59 47.4
17 25 7 5.3
18 1 33 26.4
18 2 13 10.2
18 3 55 44.3
18 4 58 46.4
18 5 43 34.6
18 6 9 7.0
18 7 2 1.8
18 8 32 25.9
18 9 47 37.6
18 10 1 0.4
18 11 50 40.4
18 12 14 11.4
18 13 2 1.8
18 14 31 25.2
18 15 0 0.3
18 16 28 22.4
18 17 33 26.0
18 18 0 0.0
18 19 35 27.9
18 20 29 23.3
18 21 13 10.7
18 22 30 23.6
18 23 3 2.1
18 24 54 43.4
18 25 34 27.1
19 1 31 24.8
19 2 10 8.4
19 3 3 2.0
19 4 45 35.8
19 5 39 31.2
19 6 44 35.3
19 7 50 40.3
19 8 26 20.7
19 9 53 42.4
19 10 56 45.0
19 11 1 1.1
19 12 19 15.4
19 13 7 6.0
19 14 43 34.3
19 15 54 43.0
19 16 46 37.2
19 17 12 9.2
19 18 8 6.8
19 19 0 0.0
19 20 52 41.5
19 21 32 25.6
19 22 42 33.6
19 23 13 10.4
19 24 20 15.9
19 25 34 27.6
20 1 29 23.0
20 2 48 38.1
20 3 24 18.9
20 4 54 43.2
20 5 42 33.4
20 6 33 26.3
20 7 44 35.0
20 8 59 47.0
20 9 33 26.4
20 10 12 9.8
20 11 25 19.9
20 12 32 25.7
20 13 12 9.6
20 14 13 10.5
20 15 48 38.0
20 16 33 26.7
20 17 9 7.1
20 18 33 26.6
20 19 10 8.0
20 20 0 0.0
20 21 39 30.8
20 22 46 36.6
20 23 33 26.7
20 24 58 46.2
20 25 45 36.0
21 1 39 31.2
21 2 51 40.5
21 3 4 2.9
21 4 49 39.6
21 5 39 31.6
21 6 30 24.2
21 7 29 23.6
21 8 42 33.9
21 9 57 45.4
21 10 32 25.6
21 11 2 1.4
21 12 21 16.8
21 13 28 22.1
21 14 52 41.7
21 15 41 32.8
21 16 26 21.1
21 17 58 46.2
21 18 28 22.8
21 19 7 5.5
21 20 24 19.3
21 21 0 0.0
21 22 37 29.8
21 23 47 37.4
21 24 56 44.9
21 25 40 32.0
22 1 2 1.9
22 2 40 31.8
22 3 55 44.3
22 4 0 0.2
22 5 49 39.2
22 6 17 13.9
22 7 29 23.1
22 8 3 2.4
22 9 49 39.3
22 10 46 37.0
22 11 7 5.3
22 12 34 27.3
22 13 56 45.0
22 14 37 29.5
22 15 32 25.3
22 16 5 4.3
22 17 40 32.3
22 18 54 42.9
22 19 53 42.3
22 20 34 27.3
22 21 7 5.5
22 22 0 0.0
22 23 4 3.0
22 24 40 31.9
22 25 23 18.6
23 1 37 29.9
23 2 16 12.9
23 3 4 2.9
23 4 18 14.8
23 5 17 13.3
23 6 33 26.1
23 7 17 13.7
23 8 19 15.1
23 9 45 36.3
23 10 28 22.8
23 11 18 14.5
23 12 53 42.1
23 13 0 0.3
23 14 19 15.4
23 15 2 1.6
23 16 10 7.7
23 17 19 15.2
23 18 0 0.3
23 19 9 7.2
23 20 51 40.8
23 21 58 46.6
23 22 6 5.1
23 23 0 0.0
23 24 12 10.0
23 25 31 24.9
24 1 24 19.0
24 2 57 45.6
24 3 45 35.7
24 4 6 4.9
24 5 30 24.1
24 6 8 6.6
24 7 29 23.4
24 8 35 28.4
24 9 55 43.7
24 10 19 14.9
24 11 44 35.2
24 12 44 34.9
24 13 37 29.8
24 14 21 16.6
24 15 15 11.6
24 16 7 5.6
24 17 15 11.9
24 18 17 13.9
24 19 27 21.9
24 20 8 6.7
24 21 16 12.5
24 22 54 43.1
24 23 41 32.9
24 24 0 0.0
24 25 40 31.7
25 1 4 3.6
25 2 48 38.4
25 3 39 31.0
25 4 13 10.5
25 5 36 29.0
25 6 48 38.2
25 7 46 36.8
25 8 45 35.8
25 9 51 40.6
25 10 9 7.4
25 11 7 5.5
25 12 26 21.0
25 13 52 41.7
25 14 8 6.5
25 15 5 3.7
25 16 35 27.8
25 17 48 38.7
25 18 33 26.1
25 19 34 27.5
25 20 35 28.0
25 21 11 8.6
25 22 14 11.2
25 23 4 3.1
25 24 58 46.8
25 25 0 0.0
